   4.3402985e-02  -2.4184833e-01
   1.4102168e-01  -2.3791879e-01
   2.3864644e-01  -1.3400651e-01
   3.3618120e-01  -1.3011148e-01
   2.3410568e-01  -2.6233633e-02
   2.3155701e-01  -2.2372965e-02
   1.2920595e-01  -1.1852943e-01
   1.2686090e-01  -1.1470302e-01
   2.2452188e-01  -1.1089368e-01
   3.2218887e-01  -1.0710138e-01
   4.1986187e-01  -3.3261167e-03
   5.1754086e-01   4.3216791e-04
   6.1522585e-01   1.0426956e-01
   7.1291683e-01   2.0789790e-01
   6.1061379e-01   2.1160541e-01
   6.0831672e-01   2.1529604e-01
   4.0602561e-01   2.1896985e-01
   2.0374046e-01   1.2262685e-01
  -9.8538728e-02   2.6267080e-02
  -3.0081198e-01  -7.0109434e-02
  -4.0307928e-01  -1.6650266e-01
  -3.0543672e-01  -2.6291257e-01
  -2.0778767e-01  -3.5914756e-01
  -2.0984563e-01  -3.5578231e-01
  -1.1218531e-01  -2.5224208e-01
  -1.4518534e-02  -2.4871840e-01
   8.3441225e-02  -1.4521126e-01
   8.1215306e-02  -1.4172062e-01
   7.8995272e-02  -3.8246438e-02
   7.6781117e-02  -3.4788698e-02
   7.4572836e-02  -3.1347363e-02
  -2.7438010e-02  -2.7922405e-02
   7.0173862e-02  -2.4513791e-02
   6.7983157e-02  -2.1121492e-02
   1.6579829e-01  -1.7745476e-02
   2.6361928e-01   8.5614286e-02
   3.6144609e-01   1.8895783e-01
   3.5927872e-01   1.9228517e-01
   3.5711718e-01   2.9559636e-01
   3.5496145e-01   2.9889142e-01
   2.5300309e-01   3.0217037e-01
   1.5066739e-01   2.0543325e-01
  -5.1470942e-02   1.0877616e-01
  -2.5341192e-01   1.1910937e-02
  -3.5573026e-01  -8.4874204e-02
  -3.5785127e-01  -1.8167529e-01
  -3.5996651e-01  -2.7849230e-01
  -2.6207598e-01  -2.7532519e-01
  -1.6427577e-01  -2.7217394e-01
  -1.6627768e-01  -2.6903850e-01
  -6.8369926e-02  -2.6591887e-01
  -7.0456436e-02  -1.6281500e-01
   2.7271208e-02  -1.5972686e-01
   2.5387712e-02  -5.6654429e-02
  -7.6681643e-02  -5.3597666e-02
  -7.8745294e-02  -5.0364975e-02
  -8.0803246e-02  -4.7531035e-02
  -8.2855507e-02  -4.4521105e-02
  -8.4902083e-02  -4.1526725e-02
   1.3057019e-02   6.1452137e-02
   1.1092573e-01   6.4415510e-02
   2.0880066e-01   6.7363425e-02
   2.0696832e-01   7.0295913e-02
   2.0495007e-01   1.7330906e-01
   2.0293746e-01   2.7611473e-01
   1.0093050e-01   2.7900111e-01
  -1.0708446e-03   8.1968265e-02
  -2.0306656e-01   8.4728014e-02
  -3.0505666e-01  -1.2431420e-02
  -4.0704114e-01  -1.0960607e-01
  -4.0902003e-01  -1.0679589e-01
  -3.1099331e-01  -2.0400088e-01
  -2.1296100e-01  -2.0122098e-01
  -2.1492311e-01  -1.9826460e-01
  -1.1687964e-01  -9.5706424e-02
  -1.1883060e-01  -9.2971706e-02
  -2.0775999e-02   9.7480118e-03
  -2.2715838e-02   1.2452762e-02
  -2.4650126e-02   1.1514258e-01
  -2.6578871e-02   1.1781748e-01
  -2.8502077e-02   1.2047751e-01
  -1.3041975e-01   2.3122690e-02
  -1.3233191e-01   2.5753057e-02
  -1.3423854e-01   2.8368639e-02
  -3.6139665e-02   3.0969467e-02
   6.1964715e-02   3.3747143e-02
   6.0074591e-02   1.3612698e-01
   5.8286020e-02   2.3868373e-01
   1.5611924e-01   2.4122585e-01
   5.4437136e-02   2.4375337e-01
   5.2568934e-02   2.4626631e-01
  -4.9293804e-02   2.4857314e-01
  -1.5115109e-01   1.5124861e-01
  -2.5300292e-01   5.3718028e-02
  -2.5484931e-01  -4.3827003e-02
  -2.5669025e-01  -4.1386453e-02
  -1.5852578e-01  -3.8960289e-02
  -6.0547445e-02  -3.6548482e-02
  -6.2180554e-02   6.5848999e-02
  -6.3999825e-02   6.8232185e-02
  -6.5813693e-02   1.7040953e-01
   3.2377836e-02   1.7295580e-01
   3.0574756e-02   1.7529627e-01
  -7.1031370e-02   1.7762259e-01
  -7.3015263e-02   1.7993476e-01
  -1.7480222e-01   8.2232812e-02
  -1.7658381e-01  -1.5291641e-02
  -1.7836004e-01  -1.3213287e-02
  -1.8013092e-01  -1.0957383e-02
  -1.8189646e-01  -8.7154673e-03
  -8.3656657e-02  -6.4875106e-03
  -8.5411530e-02   9.5630456e-02
  -8.6969510e-02   9.7735078e-02
   1.1094686e-02   1.0011291e-01
   9.3557614e-03   1.0228534e-01
   7.6221399e-03   1.0444397e-01
  -9.4106186e-02   6.5888072e-03
  -1.9573316e-01  -9.1184029e-02
  -1.9754697e-01  -8.9162704e-02
  -1.9925945e-01  -8.7058999e-02
  -2.0087060e-01  -1.8496895e-01
  -1.0266861e-01  -8.2892519e-02
  -4.3652954e-03   1.9170318e-02
  -6.0567357e-03   2.1219594e-02
   9.2257066e-02   1.2325534e-01
   1.9057610e-01   2.2527759e-01
   1.8890037e-01   2.2728636e-01
   1.8722986e-01   2.2928170e-01
   1.8556457e-01   2.3126363e-01
   8.3904481e-02   2.3323218e-01
  -1.7750403e-02   1.3518739e-01
  -1.1940009e-01   3.7129276e-02
  -1.2104459e-01   3.9057879e-02
  -1.2268390e-01   4.0781656e-02
  -1.2431805e-01  -5.7124650e-02
  -1.2594702e-01  -5.5235721e-02
  -1.2757083e-01  -5.3359955e-02
  -1.2918948e-01  -5.1497321e-02
  -3.0802993e-02  -4.9647790e-02
  -3.2411357e-02  -4.7811331e-02
  -1.3401459e-01  -4.5987912e-02
  -3.5708749e-02  -4.4273566e-02
  -1.3720567e-01  -1.4238007e-01
  -1.3879353e-01  -1.4059560e-01
  -1.4037628e-01  -1.3882404e-01
  -1.4195394e-01  -1.3706536e-01
  -4.3526495e-02  -1.3531955e-01
   5.4906035e-02  -3.3586561e-02
   1.5334365e-01   6.8133631e-02
   2.5178633e-01   6.9841057e-02
   2.5023409e-01   1.7153575e-01
   2.4868691e-01   2.7321774e-01
   2.4714478e-01   2.7488705e-01
   1.4560770e-01   2.7654371e-01
   4.4075658e-02   1.7818777e-01
  -5.7451345e-02   7.9819248e-02
  -5.9069383e-02   8.1438170e-02
  -1.6049028e-01  -1.6955427e-02
  -1.6200222e-01  -1.1536152e-01
  -1.6350914e-01  -1.1378007e-01
  -1.6501107e-01  -1.1221104e-01
  -1.6650801e-01  -1.1065442e-01
  -1.6790390e-01  -1.0920622e-01
  -6.9486928e-02  -2.0757824e-01
  -7.0968920e-02  -2.0605863e-01
  -7.2445945e-02  -1.0464735e-01
  -7.3918009e-02  -2.0286463e-01
  -7.5385118e-02  -2.0157333e-01
  -1.7684728e-01  -2.0010263e-01
  -7.8496070e-02  -1.9845253e-01
  -7.9756786e-02  -1.9719768e-01
   1.8795855e-02  -9.5763361e-02
   1.1735342e-01   5.6588983e-03
   2.1591590e-01   7.0691265e-03
   2.1457934e-01   1.0846735e-01
   2.1324713e-01   2.0985361e-01
   3.1163274e-01   2.1122793e-01
   2.1021481e-01   3.1259034e-01
   1.0880175e-01   1.1413243e-01
   7.3935735e-03   1.1527955e-01
  -9.4009738e-02   1.6606413e-02
  -1.9540819e-01  -8.2078509e-02
  -2.9680179e-01  -8.0775187e-02
  -2.9819054e-01  -1.7948359e-01
  -2.9957445e-01  -2.7801212e-01
  -3.0095353e-01  -2.7693545e-01
  -2.0232777e-01  -2.7567885e-01
  -3.0350564e-01  -2.7443385e-01
  -2.0506182e-01  -2.7320042e-01
  -1.0642162e-01  -2.7197854e-01
  -1.0777663e-01  -1.7076816e-01
  -2.0912685e-01  -1.6956926e-01
  -1.1047228e-01  -6.8381822e-02
  -2.1181293e-01  -6.7205799e-02
  -1.1314879e-01  -1.6604116e-01
  -1.1447991e-01  -6.4983949e-02
  -1.5806254e-02  -6.3745938e-02
  -1.7127848e-02   3.7384714e-02
   2.8155531e-01   3.8504099e-02
   3.8024320e-01   1.3961225e-01
   2.7893582e-01   2.4070919e-01
   2.7763317e-01   2.4179496e-01
   2.7633525e-01   2.4286959e-01
   7.5042033e-02   2.4393309e-01
  -2.6246475e-02   1.4498552e-01
  -1.2753028e-01   4.6026899e-02
  -2.2880940e-01  -5.2942746e-02
  -3.3008383e-01  -5.1923385e-02
  -3.3135358e-01  -1.5091498e-01
  -3.3261865e-01  -1.4991751e-01
  -3.3387907e-01  -1.4893094e-01
  -2.3513482e-01  -1.4814681e-01
  -2.3638591e-01  -1.4699037e-01
  -2.3763236e-01  -1.4603631e-01
  -1.3887417e-01  -4.5284605e-02
  -1.4011136e-01  -4.4160500e-02
  -4.1343910e-02  -4.3238683e-02
  -1.4257184e-01  -4.2327551e-02
  -4.3795166e-02  -4.1427073e-02
  -4.5013881e-02  -4.0537219e-02
  -4.6227997e-02  -3.9657960e-02
   5.2562478e-02   6.1210738e-02
   1.5135754e-01   1.6206890e-01
   2.5015718e-01   2.6291656e-01
   3.4896140e-01   3.6375376e-01
   4.4767412e-01   3.6458050e-01
   3.4658351e-01   4.6539685e-01
   2.4540140e-01   3.6620281e-01
   1.4422384e-01   2.6709448e-01
  -5.6949186e-02   2.6778372e-01
  -2.5811768e-01   1.6855873e-01
  -2.5928164e-01   6.9323475e-02
  -2.6063266e-01  -2.9922002e-02
  -3.6159603e-01  -1.2917767e-01
  -3.6274646e-01  -1.2844351e-01
  -2.6389239e-01  -1.2771948e-01
  -2.6503384e-01  -2.2700556e-01
  -2.6617079e-01  -1.2639778e-01
  -1.6730326e-01  -2.2560790e-01
  -1.6843127e-01  -1.2492411e-01
  -1.6955480e-01  -1.2425030e-01
  -1.7067389e-01  -2.3586433e-02
  -1.7178852e-01  -2.2932490e-02
  -1.7289870e-01  -2.2288439e-02
  -1.7381288e-01  -2.1654247e-02
  -7.5105758e-02  -2.1029882e-02
   1.2370129e-01   7.9584683e-02
   2.2270488e-01   1.8018948e-01
   3.2161682e-01   2.8078454e-01
   3.2053317e-01   3.8136990e-01
   3.1945392e-01   3.8194558e-01
   3.1837905e-01   3.8251161e-01
   1.1730857e-01   2.8306802e-01
   1.6242471e-02   1.8380643e-01
  -8.4819259e-02   8.4152146e-02
  -2.8587663e-01  -1.5224033e-02
  -3.8692963e-01  -1.1480183e-01
  -4.8797829e-01  -1.1429302e-01
  -3.8902260e-01  -2.1379365e-01
  -2.9025414e-01  -2.1330368e-01
  -2.9109822e-01  -2.1282307e-01
  -2.8620975e-01  -2.1235181e-01
  -2.5173197e-01  -2.1188985e-01
  -2.1725422e-01  -1.1143717e-01
  -1.8277649e-01  -1.1099374e-01
  -1.4829878e-01  -1.0559526e-02
  -1.1382110e-01  -1.0134498e-02
  -7.9343445e-02  -9.7186264e-03
  -4.4865812e-02  -9.1203088e-03
  -1.0388203e-02   9.1085773e-02
   2.4089383e-02   9.1474361e-02
   5.8566945e-02   1.9185392e-01
   9.3044482e-02   2.9222447e-01
   1.2752200e-01   3.9258605e-01
   1.6199949e-01   4.9274712e-01
   1.9647695e-01   4.9328242e-01
   2.3095439e-01   3.9361726e-01
   3.3028880e-01   3.9394326e-01
   1.5266470e-01   2.9426044e-01
  -9.9613934e-03   1.9456883e-01
  -1.1091182e-01   9.4868461e-02
  -2.1185806e-01  -4.8406345e-03
  -2.1280011e-01  -1.0455842e-01
  -2.1373797e-01  -2.0409331e-01
  -2.1467168e-01  -2.0401997e-01
  -1.7725027e-01  -2.0376368e-01
  -1.1652660e-01  -2.0351595e-01
  -1.7447836e-02  -2.0327676e-01
  -1.8364925e-02  -1.0304610e-01
  -1.9204450e-02  -1.0282391e-01
  -2.0186698e-02  -1.0261018e-01
  -2.1091397e-02  -2.5009247e-03
   3.9744702e-02  -1.0220794e-01
   7.7111550e-02  -2.0193781e-03
   1.7618236e-01  -1.8391454e-03
   2.7533091e-01   9.8332788e-02
   3.7444673e-01   9.8496453e-02
   4.7356663e-01   1.9874794e-01
   5.7261718e-01   3.9860753e-01
   5.3349013e-01   3.9893814e-01
   4.7098759e-01   3.9916510e-01
   4.3182361e-01   3.9919182e-01
   2.6922716e-01   3.9930652e-01
   1.6837142e-01   1.9950922e-01
   2.9256391e-02   1.9951178e-01
  -1.9499944e-01   9.9602408e-02
  -2.3417161e-01  -3.1493049e-04
  -1.7327456e-01  -1.0004863e-01
  -2.3584687e-01  -1.0017337e-01
  -1.3667849e-01  -2.0011441e-01
  -1.3750612e-01  -2.0006329e-01
  -1.3832975e-01  -2.0001998e-01
  -3.9149407e-02  -1.0008051e-01
  -3.9965084e-02  -9.9956671e-02
  -4.0776793e-02  -9.9936606e-02
  -1.4158454e-01  -9.9924230e-02
  -1.4238832e-01  -9.9919510e-02
  -1.0485964e-01  -9.9922415e-02
  -4.3947246e-02  -1.0002898e-01
   5.5223975e-02  -9.9950983e-02
   2.5443595e-01   2.3416729e-05
   3.1526406e-01   9.9894251e-02
   4.5287164e-01   1.9994973e-01
   4.5209535e-01   2.9990171e-01
   4.5132297e-01   3.9984629e-01
   4.1229116e-01   3.9978347e-01
   3.4978988e-01   2.9971331e-01
   1.8741694e-01   1.9963582e-01
   4.8272328e-02   9.9551050e-02
  -1.1415211e-01   9.9459017e-02
  -3.1480517e-01  -7.3630111e-04
  -3.5397500e-01  -1.0074670e-01
  -2.5471641e-01  -2.0086032e-01
  -2.1710303e-01  -3.0098108e-01
  -1.5626113e-01  -3.0110895e-01
  -1.5691761e-01  -2.0124390e-01
  -5.7643681e-02  -2.0138588e-01
  -5.8365942e-02  -1.0172646e-01
   4.0915603e-02  -1.0169087e-01
   4.0200952e-02  -1.8538073e-03
  -6.0509904e-02  -2.2152388e-03
  -6.1216972e-02  -1.0220042e-01
  -6.1920259e-02  -1.0238404e-01
   3.7306803e-02  -1.0257448e-01
   1.3668449e-01  -2.7717225e-03
   2.3599250e-01  -2.9757362e-03
   3.3530428e-01   9.6813512e-02
   3.7294833e-01   1.9659605e-01
   4.3393907e-01   2.9637191e-01
   3.3326206e-01   2.9614113e-01
   2.3258878e-01   1.9590373e-01
   1.3191923e-01   1.9565974e-01
  -6.8746601e-02  -4.3992349e-03
  -1.6940873e-01  -1.0484788e-01
  -2.7006716e-01  -2.0511144e-01
  -3.7072189e-01  -3.0518989e-01
  -3.7137294e-01  -3.0565792e-01
  -3.7202031e-01  -4.0594077e-01
  -3.7266400e-01  -4.0623001e-01
  -3.1163254e-01  -4.0652559e-01
  -2.7394037e-01  -4.0682747e-01
  -2.7449966e-01  -3.0713563e-01
  -1.7520214e-01  -2.0745004e-01
  -1.3747661e-01  -2.0777067e-01
  -1.1471266e-01  -1.0828906e-01
  -7.7067498e-02  -1.0843047e-01
  -1.3933108e-01  -1.0876958e-01
  -7.8292955e-02  -1.0911478e-01
   2.1099732e-02  -1.0946605e-01
   1.2045920e-01  -9.8233469e-03
   2.1989590e-01   8.9813347e-02
   4.1929937e-01   1.8944407e-01
   5.1870642e-01   2.8906884e-01
   4.1811705e-01   3.8868771e-01
   4.1753124e-01   3.8830069e-01
   3.1694899e-01   2.8790782e-01
   1.1637029e-01   1.8770070e-01
  -8.4204855e-02   8.7104644e-02
  -2.2312741e-01  -1.3209536e-02
  -3.2368128e-01  -1.3913139e-02
  -4.4758055e-01  -1.1414323e-01
  -3.8647011e-01  -2.1457058e-01
  -2.8702762e-01  -3.1500356e-01
  -2.4925309e-01  -3.1544213e-01
  -1.8813213e-01  -3.1579023e-01
  -1.5041582e-01  -2.1633599e-01
  -8.9222660e-02  -2.1679121e-01
   1.0237296e-02  -1.1725191e-01
   9.7007262e-03  -1.1771807e-01
   9.1676228e-03  -1.1818966e-01
   8.6379797e-03  -1.8666629e-02
   8.1117899e-03  -1.9148965e-02
   7.5890467e-03  -1.9636632e-02
   4.5457517e-02  -2.0129600e-02
   2.0655387e-01  -2.0627838e-02
   2.6771291e-01   7.8868684e-02
   4.0549559e-01   1.7835999e-01
   3.4336354e-01   2.7784613e-01
   4.4285313e-01   3.7732711e-01
   3.6563801e-01   3.7680298e-01
   2.6526706e-01   2.7646533e-01
   1.0303835e-01   1.7573949e-01
   2.5497098e-03   7.5200192e-02
  -1.9793556e-01  -2.5152532e-02
  -1.9841747e-01  -2.5893362e-02
  -2.6054506e-01  -1.2644756e-01
  -1.9937120e-01  -2.2700665e-01
  -9.9843051e-02  -2.2757063e-01
  -1.0031156e-01  -2.2813943e-01
  -3.9040055e-02  -1.2871305e-01
  -1.0123858e-01  -1.2929146e-01
  -4.0048066e-02  -1.2987461e-01
  -1.0215233e-01  -1.3046249e-01
  -4.0932769e-02  -1.3105505e-01
  -4.1403804e-02  -1.3165227e-01
  -6.5161422e-02  -2.3225412e-01
  -3.9402008e-03  -2.3286056e-01
  -6.5991181e-02  -2.3347157e-01
   9.5185565e-02  -2.3389556e-01
   1.9475335e-01  -1.3470718e-01
   2.9432439e-01  -3.5331710e-02
   3.9389869e-01   6.4039316e-02
   3.9347623e-01   1.6340593e-01
   4.3140797e-01   2.6276816e-01
   3.3097777e-01   2.6212603e-01
   3.5389973e-01   2.6147959e-01
   2.3020650e-01   1.6082886e-01
   9.1412393e-02   6.0173855e-02
   5.2680737e-02   5.9514628e-02
  -9.3906583e-03  -4.1148800e-02
   5.1875861e-02  -1.4181640e-01
   8.9819058e-02  -1.4248813e-01
   8.9428689e-02  -4.3260034e-02
   1.8904149e-01  -4.3843892e-02
   1.8865746e-01  -4.4527859e-02
   1.8827659e-01   5.4688098e-02
   1.8789886e-01   5.4092192e-02
   1.8752428e-01   5.3396269e-02
   1.8711602e-01   5.2696422e-02
   8.6784540e-02  -4.8007318e-02
   2.4747888e-02  -4.8714922e-02
  -1.3942705e-02  -4.9522419e-02
  -1.4301657e-02  -1.5014159e-01
  -1.4657504e-02  -1.5086061e-01
   1.8495293e-01  -1.5158335e-01
   1.8464009e-01  -5.2309815e-02
   2.2262205e-01   4.6960045e-02
   2.8395002e-01   1.4613020e-01
   2.8360960e-01   1.4548885e-01
   1.8327224e-01   1.4474786e-01
   1.2128890e-01   4.4003304e-02
   2.0870017e-02   4.3255226e-02
  -1.1772151e-01  -5.7496348e-02
  -1.1804667e-01  -1.5825138e-01
  -1.1836880e-01  -1.5900987e-01
  -1.1868791e-01  -2.5977174e-01
  -1.9004010e-02  -2.6063305e-01
   8.0682909e-02  -2.6130559e-01
   8.0372833e-02  -1.6207750e-01
   8.0065754e-02  -6.2948746e-02
   1.7976167e-01  -6.3631125e-02
   1.7946057e-01  -6.4412786e-02
   1.7916243e-01  -6.5197637e-02
   7.8867283e-02  -6.5985648e-02
   1.6903622e-02  -6.6776786e-02
  -2.1714141e-02  -1.6757102e-01
  -6.0337169e-02  -1.6836833e-01
  -1.2228376e-01  -2.6916867e-01
  -6.0951934e-02  -2.6997202e-01
  -2.2841631e-02  -1.7077834e-01
   1.3855529e-01  -1.7158761e-01
   2.3822442e-01  -7.2495861e-02
   2.7634347e-01   2.6593561e-02
   2.1440619e-01   2.5967210e-02
   1.1420252e-01   2.5146465e-02
   3.7291400e-02   2.4322927e-02
  -2.4702423e-02  -7.6503372e-02
  -2.4956688e-02  -7.7332402e-02
  -2.5208082e-02  -7.8164133e-02
  -8.7128083e-02  -7.8998533e-02
   7.4260893e-02  -7.9931635e-02
   1.7405489e-01  -8.0675222e-02
   2.3548638e-01   1.8482551e-02
   2.7354094e-01   1.1763777e-01
   2.7341688e-01   1.1679048e-01
   2.7311197e-01   1.1594070e-01
   2.7292011e-01   1.1508847e-01
   1.7265743e-01   1.1423381e-01
   1.1076290e-01   1.1337676e-01
  -2.7822711e-02   1.2517344e-02
  -1.2800336e-01  -8.8344407e-02
  -1.6654659e-01  -8.9208461e-02
  -2.2842996e-01  -1.9007478e-01
  -1.6697586e-01  -1.9094335e-01
  -6.7174018e-02  -1.9181413e-01
   3.2563117e-02  -1.9278316e-01
   7.0676591e-02  -1.9356220e-01
   1.3222335e-01  -9.4439429e-02
   7.0356495e-02  -9.5318746e-02
   7.0163831e-02  -9.6200121e-02
   3.1645361e-02  -9.7083523e-02
  -9.1825561e-02  -9.7968923e-02
  -1.3039784e-01  -9.8856288e-02
  -1.3057966e-01  -1.9974559e-01
  -1.3075877e-01  -2.0063679e-01
  -3.0935202e-02  -2.0152987e-01
   1.3056252e-01  -1.0242480e-01
   2.0707094e-01  -3.3215395e-03
   3.6855159e-01   9.5779940e-02
   3.6838586e-01   1.9487966e-01
   3.6822278e-01   1.9397767e-01
   3.6806235e-01   2.9307398e-01
   2.6790456e-01   1.9216864e-01
   6.7749409e-02   1.9126166e-01
  -3.2403113e-02   9.0353090e-02
  -9.4224482e-02  -1.0557054e-02
  -2.3270030e-01  -1.1468735e-02
  -2.3284497e-01  -1.1238192e-01
  -2.7131557e-01  -2.1329659e-01
  -1.3312652e-01  -2.1421270e-01
  -3.3336832e-02  -2.1513023e-01
  -7.1726241e-02  -1.1604914e-01
  -3.3529441e-02  -1.1696940e-01
  -3.3658602e-02  -1.8082570e-02
  -3.3785200e-02  -1.8813883e-02
  -3.3909243e-02  -1.9738029e-02
  -7.2367483e-02  -2.0663408e-02
  -1.3414968e-01  -2.1589989e-02
  -9.5878333e-02  -1.2251774e-01
  -3.4379993e-02  -1.2344663e-01
  -3.4491360e-02  -1.2437663e-01
   1.6539979e-01  -2.5307713e-02
   2.6522003e-01   7.3568588e-02
   3.2686107e-01   7.2827012e-02
   3.6512509e-01   2.7189288e-01
   4.0325272e-01   2.7095779e-01
   3.6489304e-01   2.7002177e-01
   2.6479914e-01   2.6908486e-01
   1.6470770e-01   2.6814708e-01
   6.4618731e-02   1.6720847e-01
  -7.3818738e-02   6.6269054e-02
  -2.3555185e-01  -3.4671134e-02
  -2.3563348e-01  -1.3561207e-01
  -2.3571267e-01  -1.3664977e-01
  -2.3578943e-01  -2.3749603e-01
  -2.3586377e-01  -2.3843900e-01
  -1.7428665e-01  -2.3938261e-01
  -1.3600521e-01  -2.4032679e-01
  -3.6072325e-02  -2.4127154e-01
  -3.6137046e-02  -4.2312868e-02
  -1.3619938e-01  -4.3162576e-02
  -3.6259332e-02  -1.4410882e-01
  -3.6316909e-02  -4.5055488e-02
  -3.6372119e-02  -4.6002568e-02
   1.9035633e-03  -4.6950024e-02
   6.3524540e-02  -4.7897824e-02
   1.6347639e-01   5.1154061e-02
   3.6343059e-01   5.0205663e-02
   4.6338711e-01   2.4925701e-01
   6.0168272e-01   2.4849970e-01
   4.6330715e-01   4.4735907e-01
   4.6327064e-01   4.4640984e-01
   3.6323644e-01   3.4546049e-01
   2.6320455e-01   2.4451102e-01
   6.3174939e-02   1.4365756e-01
  -3.6852378e-02   1.4261193e-01
  -1.7520595e-01   4.1662357e-02
  -2.3690018e-01  -5.9287195e-02
  -3.3684725e-01  -1.6023670e-01
  -2.3693891e-01  -2.6118611e-01
  -1.9860393e-01  -2.6213541e-01
  -1.3704205e-01  -2.6308457e-01
  -1.3698012e-01  -2.6403355e-01
  -3.6989375e-02  -2.6498233e-01
   1.3403389e-03  -1.6593088e-01
   2.4670251e-02  -1.6687914e-01
   1.3839558e-03  -6.7827120e-02
   2.4659046e-02  -6.8774767e-02
  -3.7002398e-02  -6.9722056e-02
   2.4613832e-02   2.9331045e-02
   6.3007795e-02   2.8384566e-02
   2.6301617e-01   1.2743853e-01
   3.2471258e-01   2.2649299e-01
   4.8651278e-01   3.2554796e-01
   6.2472576e-01   4.2460346e-01
   4.6310813e-01   5.2365954e-01
   4.6316391e-01   5.2271622e-01
   3.6311180e-01   4.2177354e-01
   2.6313524e-01   4.2083152e-01
   6.3160813e-02   3.1969863e-01
  -1.3681149e-01   1.1894960e-01
  -2.3678169e-01   1.1800976e-01
  -3.9841303e-01   1.7070706e-02
  -4.3671577e-01  -8.3867529e-02
  -4.3664285e-01  -1.8480492e-01
  -3.3671490e-01  -2.8574142e-01
  -3.3660120e-01  -2.8667702e-01
  -2.3655887e-01  -2.8761168e-01
  -1.3651445e-01  -2.8854538e-01
  -1.3646798e-01  -2.8947807e-01
  -1.3645628e-01  -1.9040972e-01
  -2.3636889e-01  -1.9134031e-01
  -2.3631628e-01  -1.9226981e-01
  -2.3626164e-01  -1.9319819e-01
  -1.3620497e-01  -1.9412541e-01
   6.3853709e-02  -1.9505144e-01
   1.6391441e-01  -9.5976268e-02
   3.6397711e-01  -9.6708273e-02
   4.6404182e-01   1.0217785e-01
   5.6410852e-01   2.0125686e-01
   5.6417720e-01   4.0033721e-01
   5.0257639e-01   3.9941892e-01
   3.6432049e-01   3.9850203e-01
   1.6446852e-01   2.9777814e-01
  -3.5528346e-02   1.9667258e-01
  -2.3544984e-01   9.5760074e-02
  -4.3536938e-01  -5.1509122e-03
  -4.9695844e-01  -1.0606035e-01
  -4.3520265e-01  -2.0696820e-01
  -4.3511640e-01  -2.0806601e-01
  -4.3502822e-01  -3.0877903e-01
  -3.3493813e-01  -4.0968195e-01
  -2.3484615e-01  -4.1058316e-01
  -1.3475225e-01  -3.1148265e-01
  -1.3465647e-01  -3.1238036e-01
  -1.3455881e-01  -2.1327628e-01
  -1.3445926e-01  -2.1417036e-01
  -1.7274561e-01  -2.1506260e-01
  -1.3425456e-01  -2.1595294e-01
  -1.3414941e-01  -2.1684136e-01
  -3.4042419e-02  -2.1772784e-01
   1.6606642e-01  -2.1861233e-01
   3.2784857e-01  -1.9494819e-02
   5.2790184e-01   7.9624738e-02
   5.6640395e-01   1.7874636e-01
   5.6652010e-01   3.7787010e-01
   4.0502584e-01   3.7699597e-01
   3.2842108e-01   3.7612399e-01
   1.2855087e-01   2.7525422e-01
  -9.4646285e-02   1.7438667e-01
  -3.3279867e-01   7.3521371e-02
  -4.9441664e-01  -1.2734164e-01
  -4.8802679e-01   7.1797668e-02
  -5.3248601e-01  -2.9060678e-02
  -4.3235380e-01  -1.1723653e-01
  -3.3221983e-01  -1.3077020e-01
  -2.3208412e-01  -1.3162133e-01
  -1.3194666e-01  -1.3246998e-01
  -3.7972580e-02  -3.3316127e-02
  -1.2554853e-01   6.5840254e-02
  -1.3152394e-01   6.4999196e-02
  -2.3137961e-01   6.4160730e-02
  -2.3123357e-01   5.0836895e-02
  -2.8035083e-01  -3.7508302e-02
  -2.3093640e-01  -3.8338809e-02
  -1.2466725e-01  -3.9166600e-02
   7.5561814e-02   6.0008353e-02
   2.6952197e-01   7.1770136e-02
   3.6967809e-01   1.7085461e-01
   4.6983588e-01   3.5754999e-01
   4.6999532e-01   4.5673623e-01
   3.7015640e-01   4.6841336e-01
   2.7031911e-01   4.5511743e-01
   7.0483463e-02   3.6689651e-01
  -1.2935057e-01   2.6599847e-01
  -3.2918298e-01   1.5271151e-01
  -4.7976857e-01   5.1915595e-02
  -5.2884297e-01  -4.8877237e-02
  -4.2867056e-01  -1.4966695e-01
  -3.2849657e-01  -1.5045354e-01
  -3.2832100e-01  -1.6372493e-01
  -1.3433815e-01  -1.5201714e-01
  -2.7965121e-02  -1.4021005e-01
  -2.7784833e-02  -5.3567802e-02
  -2.7602989e-02  -4.1658092e-02
  -1.2741959e-01   4.4894715e-02
  -1.3335269e-01   4.4130993e-02
  -2.2704818e-01   4.3370660e-02
  -1.7761496e-01  -5.7386256e-02
  -1.2667065e-01  -5.8139722e-02
   2.8979714e-02  -5.8889710e-02
   1.7987806e-01   4.0363812e-02
   2.7390702e-01   1.3962088e-01
   3.6790827e-01   2.3888151e-01
   3.7429962e-01   3.3814574e-01
   3.7449815e-01   4.3741361e-01
   2.1923885e-01   4.3668515e-01
   3.0309950e-02   3.3596037e-01
  -2.4897420e-02   2.3523931e-01
  -2.2469302e-01   1.4720213e-01
  -3.2448717e-01   1.3380851e-01
  -4.2427988e-01   2.0610815e-02
  -4.2407116e-01  -6.7607043e-02
  -3.2386101e-01  -1.6830901e-01
  -2.6815984e-01  -1.6900709e-01
  -2.2343643e-01  -1.6970121e-01
  -1.2322202e-01  -1.7039136e-01
  -2.3006214e-02  -7.1077526e-02
  -2.8983318e-02  -5.9079540e-02
  -6.7160106e-02   2.7562277e-02
  -1.7297889e-01   2.6888298e-02
  -2.2212909e-01   2.6218442e-02
  -2.2190636e-01  -7.4447261e-02
  -1.7231073e-01  -8.7596773e-02
  -2.2145684e-01  -1.6308597e-01
  -2.1230045e-02  -7.6419152e-02
   8.5116125e-02  -7.7067939e-02
   2.7922756e-01   2.2287578e-02
   2.8562345e-01   1.2164743e-01
   3.7969048e-01   2.2101165e-01
   3.7992392e-01   3.2038027e-01
   3.7399356e-01   3.1975331e-01
   8.0394710e-02   3.1913081e-01
  -1.9367945e-02   2.1851280e-01
  -2.1912931e-01   1.1789932e-01
  -3.1888940e-01   1.7290375e-02
  -3.6791320e-01   1.6686017e-02
  -3.1840574e-01  -8.3913731e-02
  -2.1816202e-01  -1.8450884e-01
  -1.1791704e-01  -9.7779385e-02
  -1.7670816e-02  -8.5685000e-02
  -1.1305311e-02   1.3734004e-02
  -6.6439643e-02   1.0047765e-01
   8.3075291e-02   2.5170387e-02
   2.7836864e-02   1.1201972e-01
  -1.6421183e-02   9.8777854e-02
  -1.6075729e-01   1.0901095e-02
  -2.0979478e-01   1.0349142e-02
  -1.6639184e-01  -9.0197863e-02
  -1.0923458e-01  -9.0739889e-02
  -1.5141334e-02  -7.8788914e-02
   8.5118188e-02   8.1911152e-03
   1.3462409e-01   1.0766421e-01
   2.8564073e-01   2.0714240e-01
   2.7970943e-01   2.9394561e-01
   1.9233299e-01   3.0611421e-01
   1.8643319e-01   2.0560789e-01
   8.6699624e-02   2.0510679e-01
  -1.3032815e-02   1.0461095e-01
  -1.1276413e-01   1.6608377e-02
  -2.1249433e-01  -8.3684746e-02
  -2.1222343e-01  -9.6844762e-02
  -1.1195143e-01  -1.0980728e-01
  -5.6219014e-02  -1.9778840e-01
  -1.1404135e-02  -1.8566803e-01
   8.8871136e-02  -1.1198288e-02
   8.9147481e-02   8.3699040e-04
   1.3401459e-01   1.2973859e-02
   9.5821404e-02   9.9948180e-02
   8.9982897e-02   9.9512145e-02
  -9.7365268e-03   9.9081730e-02
  -9.4549087e-03  -1.3430327e-03
  -6.4631566e-02  -1.7621137e-03
  -6.4298886e-02  -1.0217548e-01
  -8.6038758e-03  -1.0258311e-01
   3.6222530e-02  -1.0298496e-01
   8.5803464e-02  -3.3810063e-03
   1.3550979e-01  -3.7712185e-03
   1.8635070e-01   9.5844435e-02
   1.3742440e-01   9.5465984e-02
   9.3125396e-02   9.5093460e-02
   4.2682057e-02   9.4726894e-02
  -6.2903160e-03  -5.6336847e-03
  -1.0599673e-01  -9.3500255e-02
  -2.0570219e-01  -1.0633676e-01
  -2.0540670e-01  -2.0667919e-01
  -2.0511027e-01  -2.0701550e-01
  -1.0481290e-01  -2.9466557e-01
  -4.9104299e-02  -2.0766970e-01
   5.1274186e-02  -1.0798750e-01
   9.6084730e-02  -8.2990777e-03
   1.9022066e-01   9.1395612e-02
   9.6687696e-02   9.1096595e-02
   1.9699052e-01   9.0803902e-02
   1.4188393e-01   9.0517565e-02
   1.4210925e-01   9.0237613e-02
   9.1709991e-02   8.9964077e-02
  -5.1034577e-02   8.9696989e-02
  -4.5992588e-02   8.9436378e-02
  -1.3952051e-01   1.8623895e-03
  -4.5454916e-02   1.5187626e-03
   8.8465347e-02   8.8693714e-02
  -2.4492139e-04   8.8459318e-02
   4.4656164e-02   8.8231552e-02
   4.9750235e-02   8.8010448e-02
   6.9171889e-04   8.7796035e-02
   4.4085667e-02   8.7588344e-02
  -9.8679810e-02   8.7387406e-02
  -1.8744576e-01  -1.2806748e-02
  -2.9339265e-01  -2.5578143e-02
  -3.4098468e-01  -1.1317459e-01
  -1.5434271e-01  -1.1334821e-01
  -9.0929770e-02  -1.1351492e-01
   3.2244251e-03  -1.3674701e-02
  -8.4066909e-02   7.3492371e-02
   5.3110477e-02   8.6026671e-02
   1.6422872e-02   1.7339989e-01
   1.9212044e-01   1.7307604e-01
  -1.3330420e-03   8.5631517e-02
   2.9464000e-04   8.5513998e-02
  -1.8213119e-01   8.5403630e-02
  -1.0035978e-01  -1.4699557e-02
  -4.4497302e-02  -1.4795533e-02
  -1.4280733e-01  -1.4884267e-02
  -9.3215116e-02  -1.4965728e-02
   9.9473449e-04  -1.5039885e-02
   7.4413314e-03  -1.5106708e-02
  -9.2229442e-02   8.4833833e-02
   8.1004429e-03   8.4781770e-02
   8.4309808e-03   8.4737132e-02
   8.7621645e-03   8.4699950e-02
  -4.1534467e-02  -2.8417519e-03
  -9.0573558e-02  -1.5351921e-02
  -1.9024048e-01  -1.5366549e-02
  -1.8990677e-01  -1.1537360e-01
  -1.8957247e-01  -1.2805316e-01
  -1.3382724e-01  -1.2794890e-01
   1.1097969e-02  -1.1534897e-01
   1.1434077e-02  -1.5325399e-02
   1.1177077e-01  -2.7100429e-03
   1.1210804e-01   8.4744969e-02
   1.1864020e-01   8.4791826e-02
   1.6202951e-01   1.8484651e-01
   1.1312327e-01   1.8490904e-01
   6.4197789e-02   9.7659579e-02
   1.3802856e-02   8.5057799e-02
  -7.9738503e-02   8.5144080e-02
  -8.5515403e-02  -1.4761662e-02
  -1.3592853e-01  -1.4659397e-02
  -8.4831561e-02  -1.1454909e-01
  -8.4488869e-02  -1.1443072e-01
  -8.4145672e-02  -1.1430425e-01
  -8.3801977e-02  -1.1416966e-01
  -8.3457789e-02  -1.1402689e-01
  -8.3113118e-02  -2.6460000e-02
  -8.8886004e-02  -1.1371678e-01
  -1.8242234e-01  -1.1354936e-01
  -1.8207626e-01  -1.1337365e-01
  -1.8172971e-01  -2.1318963e-01
  -1.8138272e-01  -2.1299726e-01
  -1.8103528e-01  -2.1279653e-01
  -8.0687397e-02  -1.1258739e-01
   1.9660914e-02  -1.1236982e-01
   2.0009649e-02  -1.2143773e-02
   1.2035881e-01   5.7875715e-04
   1.2070836e-01   8.8333831e-02
   1.2105833e-01   8.8585454e-02
   1.2140870e-01   1.8884566e-01
   1.2175946e-01   8.9114496e-02
   2.2110602e-02   8.9391977e-02
  -3.3027460e-02   8.9678137e-02
  -1.2645098e-01   2.6531227e-03
  -1.7683373e-01  -9.7233804e-03
  -1.7648111e-01  -1.0941100e-01
  -1.7612815e-01  -1.0908981e-01
  -1.7577485e-01  -1.0875979e-01
  -1.7542120e-01  -1.9593292e-01
  -1.7506722e-01  -1.0807313e-01
  -1.1930261e-01  -1.0771642e-01
  -7.4358304e-02  -1.0735077e-01
  -7.4003375e-02  -1.0697613e-01
  -7.9813239e-02  -1.9176518e-02
  -1.2392107e-01  -9.3711761e-02
  -1.2839610e-01  -1.0579797e-01
  -7.2580685e-02  -1.0538708e-01
  -7.2224303e-02  -1.0496704e-01
  -1.6408341e-02  -4.5378416e-03
   7.9244055e-02   9.5900561e-02
   2.2884644e-01   9.6348195e-02
   2.2920387e-01   1.9680509e-01
   2.2956153e-01   2.8468722e-01
   2.2991944e-01   2.9774678e-01
   2.3027757e-01   2.9823165e-01
   1.3063593e-01   1.9872590e-01
   3.0994507e-02   1.9922955e-01
  -1.9381707e-02   9.9742661e-02
  -1.2369803e-01   8.7681188e-02
  -1.6792853e-01   7.9732937e-04
  -1.7376346e-01  -8.5980932e-02
  -2.6720960e-01  -9.8109851e-02
  -2.2233944e-01  -1.1003706e-01
  -2.1722495e-01  -2.8429853e-01
  -2.1537509e-01  -1.9639857e-01
  -1.6576965e-01  -1.9580881e-01
  -1.6540928e-01  -1.9520932e-01
  -1.6504876e-01  -1.9460008e-01
  -1.6468811e-01  -9.3981063e-02
  -1.6432731e-01  -1.9335223e-01
  -1.6396640e-01  -1.9271356e-01
  -1.1423383e-01  -1.9206501e-01
  -6.3244246e-02  -1.7872644e-01
   3.7116992e-02  -9.0738174e-02
   2.3747833e-01   9.9401756e-03
   2.8857475e-01   1.1062852e-01
   3.8744647e-01   1.2391095e-01
   4.3856284e-01   2.2452332e-01
   3.4511881e-01   3.1275384e-01
   2.8387591e-01   3.1348247e-01
   2.3964798e-01   3.0173326e-01
   1.4000981e-01   1.1497022e-01
   4.0371668e-02   1.1572939e-01
  -5.9266432e-02   2.8986794e-02
  -1.5890451e-01   1.7278484e-02
  -1.5854255e-01  -8.1931531e-02
  -1.5818059e-01  -9.3619207e-02
  -1.5781860e-01  -1.8032054e-01
  -1.5745663e-01  -2.6691541e-01
  -1.5709465e-01  -2.7866796e-01
  -1.5673269e-01  -2.7782601e-01
  -1.0712553e-01  -2.7697358e-01
  -6.2126854e-02  -2.7611063e-01
  -5.5646926e-02  -1.7523713e-01
  -1.1069538e-01  -1.7435305e-01
  -1.5492326e-01  -1.7345837e-01
  -5.4561505e-02  -1.7255305e-01
  -4.8034705e-02  -1.7163706e-01
   1.0165142e-01  -1.7071037e-01
   2.4652339e-01  -6.9772954e-02
   3.4688488e-01   4.3759279e-02
   4.4724628e-01   1.3213419e-01
   4.4760760e-01   2.3310398e-01
   4.4796881e-01   3.3408463e-01
   3.4832992e-01   3.3507615e-01
   2.9795592e-01   2.3607860e-01
   1.4905179e-01   1.3709198e-01
   4.1002555e-05   1.2562835e-01
  -5.0226829e-02   3.9151702e-02
  -1.4986634e-01  -5.9801898e-02
  -1.4950601e-01  -1.4625644e-01
  -1.9988081e-01  -1.5767587e-01
  -1.4878579e-01  -2.5659618e-01
  -1.4842593e-01  -2.5550533e-01
  -1.4806623e-01  -2.5440330e-01
  -4.7706718e-02  -2.5329004e-01
  -4.7347388e-02  -2.3967754e-01
   2.2767494e-03  -1.5102974e-01
   5.3370688e-02  -1.3729859e-01
  -4.6270578e-02  -1.3623621e-01
   9.5472528e-03  -6.0234510e-02
   5.4446246e-02  -4.6373179e-02
   5.4804324e-02  -4.5180531e-02
   1.6135648e-01  -4.3976419e-02
   3.0627457e-01   5.7239189e-02
   4.1136672e-01   1.5846632e-01
   4.5623424e-01   2.5970501e-01
   4.5659110e-01   3.6095529e-01
   3.6306572e-01   3.6221718e-01
   3.0656899e-01   3.6349072e-01
   2.5766003e-01   2.6477593e-01
   5.8015778e-02   1.6607286e-01
  -4.1628766e-02   6.7381525e-02
  -1.4127361e-01   6.8701962e-02
  -2.4091876e-01  -1.1747781e-01
